sadf,d@gmial.com,29/11/2021,01/12/2021,29/11/2021,false,1,205,3 Star;Classic Double;1
